7
5
4 2 5 1 3
9
-2 -1 0 1 2 3 4 5 6
5
36 30 40 35 37
6
15 10 20 4 12 13
5
7 5 8 2 3
11
-8 -25 -23 1 -4 11 20 -9 0 -13 -16
8
30 17 37 11 19 31 38 10
5
9
15 1 9 3 7 4 6 2 20
1
20
13
16 -1 -19 7 -20 10 64 32 18 -28 34 14 -21
3
32 18 34
12
27 56 -36 -33 19 -7 -1 11 -10 -12 36 -33
4
-10 -12 36 -33
7
61 54 13 23 -44 -15 50
1
13
6
58 -28 66 63 35 -4
6
58 -28 66 63 35 -4
3
9
5 3 7 2 4 9 1 8 10
3
3 6
8 15
6 6
14
-44 53 -35 -13 -15 26 -17 -45 -25 56 23 -40 3 36
3
-29 28
-33 -4
-34 19
12
11 31 -3 68 -40 65 61 34 62 46 -23 46
2
8 15
-38 -10


